patient001 1 1 216 256 10 30 1 12 1 9 1 9 1.5625 1.5625 10.0 1.0
patient002 1 1 232 256 10 30 1 12 0 9 0 9 1.3671875 1.3671875 10.0 1.0
patient003 1 1 256 256 10 30 1 15 0 9 0 9 1.5625 1.5625 10.0 1.0
patient004 1 1 232 256 10 28 1 15 0 9 0 9 1.3671875 1.3671875 10.0 1.0
patient005 1 1 256 216 10 30 1 13 0 9 0 9 1.40625 1.40625 10.0 1.0
patient006 1 1 232 256 11 28 1 16 1 10 1 10 1.7578125 1.7578125 10.0 1.0
patient007 1 1 222 224 10 16 1 7 0 9 0 9 1.875 1.875 10.0 1.0
patient008 1 1 200 256 10 28 1 13 0 9 0 9 1.5625 1.5625 10.0 1.0
patient009 1 1 208 256 10 35 1 13 0 9 0 9 1.3671900033950806 1.3671900033950806 10.0 1.0
patient010 1 1 208 256 10 28 1 13 0 9 0 9 1.5625 1.5625 10.0 1.0
patient011 1 1 216 256 9 15 1 8 0 8 0 8 1.4843800067901611 1.4843800067901611 10.0 1.0
patient012 1 1 184 256 10 30 1 13 0 9 1 9 1.5625 1.5625 10.0 1.0
patient013 1 1 216 256 10 30 1 14 0 9 0 9 1.4453099966049194 1.4453099966049194 10.0 1.0
patient014 1 1 256 216 10 30 1 13 0 9 0 9 1.3671900033950806 1.3671900033950806 10.0 1.0
patient015 1 1 256 216 9 21 1 10 0 8 0 8 1.3671900033950806 1.3671900033950806 10.0 1.0
patient016 1 1 192 256 10 30 1 12 0 9 0 9 1.4453099966049194 1.4453099966049194 10.0 1.0
patient017 1 1 216 256 9 19 1 9 0 8 0 8 1.5625 1.5625 10.0 1.0
patient018 1 1 216 256 8 13 1 10 0 7 0 7 1.3671900033950806 1.3671900033950806 10.0 1.0
patient019 1 1 216 256 11 30 1 11 0 10 0 10 1.4453099966049194 1.4453099966049194 10.0 1.0
patient020 1 1 208 256 8 20 1 11 0 7 0 7 1.7578099966049194 1.7578099966049194 10.0 1.0
patient021 1 1 240 256 10 30 1 13 0 9 1 9 1.6796875 1.6796875 10.0 1.0
patient022 1 1 200 256 7 28 1 11 0 6 0 6 1.40625 1.40625 10.0 1.0
patient023 1 1 216 256 9 25 1 9 0 7 0 7 1.4453125 1.4453125 10.0 1.0
patient024 1 1 208 256 8 28 1 9 0 7 0 7 1.5625 1.5625 10.0 1.0
patient025 1 1 256 256 9 25 1 9 0 8 0 8 1.3671875 1.3671875 10.0 1.0
patient026 1 1 216 256 10 28 1 12 0 9 1 9 1.3671875 1.3671875 10.0 1.0
patient027 1 1 216 256 10 30 1 11 0 9 1 9 1.3671875 1.3671875 10.0 1.0
patient028 1 1 224 256 10 28 1 9 0 8 0 8 1.5625 1.5625 10.0 1.0
patient029 1 1 192 256 11 30 1 12 0 10 2 9 1.3671875 1.3671875 10.0 1.0
patient030 1 1 216 256 10 35 1 12 1 9 1 8 1.4453125 1.4453125 10.0 1.0
patient031 1 1 216 256 10 30 1 10 0 9 1 8 1.484375 1.484375 10.0 1.0
patient032 1 1 240 256 10 30 1 12 0 9 1 9 1.5625 1.5625 10.0 1.0
patient033 1 1 216 256 10 30 1 14 1 9 2 8 1.5625 1.5625 10.0 1.0
patient034 1 1 224 256 10 30 1 16 0 9 0 9 1.5625 1.5625 10.0 1.0
patient035 1 1 208 256 13 28 1 11 0 12 0 12 1.6796900033950806 1.6796900033950806 5.0 1.0
patient036 1 1 216 256 8 35 1 12 0 7 0 7 1.4453099966049194 1.4453099966049194 10.0 1.0
patient037 1 1 216 256 7 30 1 12 0 6 0 6 1.875 1.875 10.0 1.0
patient038 1 1 276 384 8 24 1 11 0 7 0 7 0.8333330154418945 0.8333330154418945 10.0 1.0
patient039 1 1 208 256 9 28 1 10 0 8 0 8 1.6406199932098389 1.6406199932098389 10.0 1.0
patient040 1 1 208 256 10 35 1 13 0 9 0 9 1.4843800067901611 1.4843800067901611 10.0 1.0
patient041 1 1 154 224 6 17 1 11 0 5 0 5 1.7857099771499634 1.7857099771499634 10.0 1.0
patient042 1 1 232 256 9 35 1 16 0 8 0 8 1.7578125 1.7578125 10.0 1.0
patient043 1 1 174 224 12 13 1 7 0 11 0 11 1.9196399450302124 1.9196399450302124 6.5 1.0
patient044 1 1 256 216 9 30 1 11 0 8 0 8 1.3671875 1.3671875 10.0 1.0
patient045 1 1 208 256 8 35 1 13 0 7 0 7 1.5625 1.5625 10.0 1.0
patient046 1 1 256 216 9 30 1 10 0 8 0 8 1.5625 1.5625 10.0 1.0
patient047 1 1 256 208 9 22 1 9 0 7 0 7 1.6796900033950806 1.6796900033950806 10.0 1.0
patient048 1 1 208 256 8 28 1 8 0 7 0 7 1.5625 1.5625 10.0 1.0
patient049 1 1 256 216 7 35 1 11 1 6 1 6 1.3671875 1.3671875 10.0 1.0
patient050 1 1 248 256 10 30 1 12 0 9 0 9 1.3671875 1.3671875 10.0 1.0
patient051 1 1 224 256 10 30 1 11 0 9 1 9 1.6406199932098389 1.6406199932098389 10.0 1.0
patient052 1 1 216 256 8 20 1 9 0 7 0 7 1.4843800067901611 1.4843800067901611 10.0 1.0
patient053 1 1 216 256 7 30 1 12 0 6 0 6 1.3671900033950806 1.3671900033950806 10.0 1.0
patient054 1 1 216 256 8 30 1 12 0 7 0 6 1.4843800067901611 1.4843800067901611 10.0 1.0
patient055 1 1 256 216 9 25 1 10 0 8 0 8 1.4843800067901611 1.4843800067901611 10.0 1.0
patient056 1 1 216 256 9 30 1 12 0 8 0 7 1.3671900033950806 1.3671900033950806 10.0 1.0
patient057 1 1 428 512 8 25 1 9 0 7 0 7 0.703125 0.703125 10.0 1.0
patient058 1 1 216 256 9 30 1 14 0 8 0 8 1.40625 1.40625 10.0 1.0
patient059 1 1 256 216 9 30 1 9 0 8 0 8 1.3671900033950806 1.3671900033950806 10.0 1.0
patient060 1 1 216 256 9 30 1 14 0 8 1 8 1.5625 1.5625 10.0 1.0
patient061 1 1 216 256 9 30 1 10 0 7 1 7 1.3671875 1.3671875 10.0 1.0
patient062 1 1 256 216 10 30 1 9 0 9 0 8 1.3671875 1.3671875 10.0 1.0
patient063 1 1 256 176 8 35 1 16 0 7 1 6 1.3671875 1.3671875 10.0 1.0
patient064 1 1 216 256 10 35 1 12 0 8 0 8 1.4453125 1.4453125 10.0 1.0
patient065 1 1 210 224 8 30 1 14 0 7 1 7 1.875 1.875 10.0 1.0
patient066 1 1 240 256 9 30 1 11 0 8 1 8 1.3671875 1.3671875 10.0 1.0
patient067 1 1 256 216 10 30 1 10 0 9 0 8 1.3671875 1.3671875 10.0 1.0
patient068 1 1 256 208 7 28 1 12 0 6 0 6 1.5625 1.5625 10.0 1.0
patient069 1 1 216 256 7 30 1 12 0 6 0 6 1.5625 1.5625 10.0 1.0
patient070 1 1 208 256 6 28 1 10 0 5 0 5 1.5625 1.5625 10.0 1.0
patient071 1 1 192 256 10 30 1 9 0 9 1 8 1.5625 1.5625 10.0 1.0
patient072 1 1 216 256 8 30 1 11 0 6 0 6 1.5625 1.5625 10.0 1.0
patient073 1 1 208 256 7 35 1 10 0 6 0 6 1.640625 1.640625 10.0 1.0
patient074 1 1 256 256 8 30 1 12 0 7 0 7 1.5625 1.5625 10.0 1.0
patient075 1 1 168 224 14 14 1 6 0 13 0 13 1.7857099771499634 1.7857099771499634 5.0 1.0
patient076 1 1 256 256 8 30 1 12 0 7 0 7 1.5625 1.5625 10.0 1.0
patient077 1 1 214 256 8 25 1 9 0 7 1 6 1.40625 1.40625 10.0 1.0
patient078 1 1 216 256 8 30 1 9 0 7 0 7 1.3671900033950806 1.3671900033950806 10.0 1.0
patient079 1 1 216 256 9 30 1 11 0 8 0 8 1.3671900033950806 1.3671900033950806 10.0 1.0
patient080 1 1 216 256 6 21 1 10 0 5 0 5 1.7578099966049194 1.7578099966049194 10.0 1.0
patient081 1 1 154 224 17 16 1 7 0 16 2 16 1.6517900228500366 1.6517900228500366 5.0 1.0
patient082 1 1 224 154 16 17 1 7 0 15 0 15 1.7857099771499634 1.7857099771499634 5.0 1.0
patient083 1 1 208 256 6 17 1 8 0 5 0 5 1.5625 1.5625 10.0 1.0
patient084 1 1 208 256 12 35 1 10 0 11 0 11 1.3671900033950806 1.3671900033950806 5.0 1.0
patient085 1 1 184 288 15 30 1 9 0 14 0 14 1.2152800559997559 1.2152800559997559 5.0 1.0
patient086 1 1 192 256 7 19 1 8 0 6 0 6 1.5625 1.5625 10.0 1.0
patient087 1 1 256 184 8 28 1 10 0 7 0 7 1.4453099966049194 1.4453099966049194 10.0 1.0
patient088 1 1 224 154 16 25 1 12 0 15 1 14 1.6517900228500366 1.6517900228500366 5.0 1.0
patient089 1 1 264 288 6 30 1 10 0 5 0 5 1.4583300352096558 1.4583300352096558 10.0 1.0
patient090 1 1 154 224 7 12 4 11 0 6 0 6 1.7857099771499634 1.7857099771499634 10.0 1.0
patient091 1 1 180 224 8 16 1 9 0 7 1 7 1.5625 1.5625 10.0 1.0
patient092 1 1 174 208 15 15 1 6 0 14 0 13 1.6826900243759155 1.6826900243759155 5.0 1.0
patient093 1 1 180 224 10 30 1 14 0 9 1 9 1.5625 1.5625 7.0 1.0
patient094 1 1 208 174 10 14 1 7 0 9 0 9 1.6826900243759155 1.6826900243759155 5.0 1.0
patient095 1 1 180 224 14 30 1 12 0 13 0 12 1.5625 1.5625 5.0 1.0
patient096 1 1 174 208 18 15 1 8 0 17 1 17 1.6826900243759155 1.6826900243759155 5.0 1.0
patient097 1 1 216 256 8 30 1 11 0 7 0 7 1.4843800067901611 1.4843800067901611 10.0 1.0
patient098 1 1 216 256 7 22 1 9 0 6 0 6 1.25 1.25 10.0 1.0
patient099 1 1 154 224 16 19 1 9 0 15 1 15 1.7857099771499634 1.7857099771499634 5.0 1.0
patient100 1 1 216 304 8 34 1 13 0 7 0 6 1.315790057182312 1.315790057182312 10.0 1.0
