patient001 99 170 55 134 80
patient002 97 174 61 140 80
patient003 93 166 59 144 86
patient004 55 126 77 158 82
patient005 61 144 75 160 86
patient006 87 154 57 140 84
patient007 80 142 59 135 77
patient008 93 156 43 126 84
patient009 105 174 55 128 74
patient010 97 162 55 138 84
patient011 83 154 39 116 78
patient012 101 178 47 112 78
patient013 85 170 67 140 86
patient014 39 128 55 154 100
patient015 49 120 91 168 78
patient016 93 180 43 128 88
patient017 109 186 63 148 86
patient018 97 182 67 144 86
patient019 97 172 49 132 84
patient020 99 152 59 132 74
patient021 95 156 65 142 78
patient022 89 144 51 118 68
patient023 99 162 63 122 64
patient024 105 150 65 130 66
patient025 89 154 57 148 92
patient026 109 188 45 130 86
patient027 103 174 43 122 80
patient028 117 182 37 108 72
patient029 117 192 39 112 76
patient030 103 162 61 120 60
patient031 93 154 57 134 78
patient032 101 166 65 142 78
patient033 109 176 51 118 68
patient034 95 158 63 132 70
patient035 99 162 55 120 66
patient036 103 172 61 128 70
patient037 95 146 69 122 54
patient038 104 222 56 168 119
patient039 103 166 47 114 68
patient040 101 162 59 136 78
patient041 92 142 39 98 60
patient042 83 134 57 126 70
patient043 85 136 42 97 56
patient044 75 132 85 152 68
patient045 87 152 39 120 82
patient046 25 92 47 126 80
patient047 45 116 105 180 76
patient048 95 148 75 130 56
patient049 65 142 87 166 80
patient050 113 190 47 124 78
patient051 101 170 67 134 70
patient052 95 170 61 138 78
patient053 93 164 47 126 80
patient054 117 184 51 118 68
patient055 57 126 75 148 74
patient056 91 166 63 134 76
patient057 198 333 100 263 164
patient058 121 194 45 116 74
patient059 67 138 81 156 76
patient060 99 162 37 102 66
patient061 111 178 49 130 82
patient062 61 136 73 156 84
patient063 45 110 81 148 68
patient064 119 182 51 122 72
patient065 69 115 57 115 59
patient066 93 158 55 136 82
patient067 65 130 83 160 78
patient068 63 122 99 164 66
patient069 103 150 61 120 60
patient070 91 148 45 106 62
patient071 79 140 37 108 72
patient072 103 156 65 128 64
patient073 95 146 45 112 68
patient074 95 146 75 154 80
patient075 88 143 32 87 56
patient076 95 146 75 154 80
patient077 107 182 56 131 76
patient078 93 174 35 112 82
patient079 133 206 39 106 74
patient080 109 164 67 126 60
patient081 94 154 29 98 70
patient082 29 91 64 131 68
patient083 105 158 55 122 68
patient084 79 146 71 136 68
patient085 118 196 50 130 81
patient086 97 164 45 120 76
patient087 35 116 87 164 82
patient088 34 98 60 129 70
patient089 102 160 86 155 70
patient090 88 140 38 94 57
patient091 78 138 56 116 61
patient092 76 136 37 105 69
patient093 78 156 45 113 79
patient094 59 111 74 130 57
patient095 78 145 42 111 70
patient096 82 146 42 108 67
patient097 117 186 69 136 70
patient098 89 174 63 140 86
patient099 90 150 31 96 66
patient100 115 185 64 127 71
